9
2
5
10
ON
Connections:
1: 2 4
2: 1 3 5
3: 2 6
4: 1 5 7
5: 2 4 6 8
6: 3 5 9
7: 4 8
8: 5 7 9
9: 6 8
24
A NC 1 101 1 1 9
A PT 2 102 2 2 5
A EV 3 103 3 3 6 9
A FV 4 104 4 4 7
A NC 5 105 5 5 3
A PT 6 106 6 6 8
A EV 7 107 7 7 2 5
A NC 8 108 8 8 1
A FV 9 109 9 9 4
A PT 10 110 10 1 6
A NC 11 111 11 2 8
A EV 12 112 12 3 4 7
A FV 13 113 13 4 9
A NC 14 114 14 5 2
A PT 15 115 15 6 7
A NC 16 116 16 7 3
A EV 17 117 17 8 5 9
A FV 18 118 18 9 1
A PT 19 119 19 1 3
A NC 20 120 20 2 7
P 21 102
X 22 101
ACC 23 5 2 4
RC 24 3 1