25
3
8
15
OFF
Connections:
1: 2 3 4 5
2: 1 3 6 7
3: 1 2 4 8
4: 1 3 5 9
5: 1 4 6 10
6: 2 5 7 11
7: 2 6 8 12
8: 3 7 9 13
9: 4 8 10 14
10: 5 9 11 15
11: 6 10 12 16
12: 7 11 13 17
13: 8 12 14 18
14: 9 13 15 19
15: 10 14 16 20
16: 11 15 17 21
17: 12 16 18 22
18: 13 17 19 23
19: 14 18 20 24
20: 15 19 21 25
21: 16 20 22 1
22: 17 21 23 2
23: 18 22 24 3
24: 19 23 25 4
25: 20 24 1 5
35
A NC 1 101 1 1 4
A PT 2 102 2 2 5
A EV 3 103 3 1 3 8
A FV 4 104 4 3 6
A NC 5 105 5 2 4
A PT 6 106 6 1 5
A EV 7 107 7 3 4 7
A NC 8 108 8 2 3
A FV 9 109 9 1 5
A PT 10 110 10 3 4
A NC 11 111 11 2 6
A EV 12 112 12 1 3 9
A FV 13 113 13 3 5
A NC 14 114 14 2 4
A PT 15 115 15 1 5
A NC 16 116 16 3 4
A EV 17 117 17 2 3 6
A FV 18 118 18 1 5
A PT 19 119 19 3 4
A NC 20 120 20 2 6
A EV 21 121 21 1 4 7
A FV 22 122 22 3 5
A NC 23 123 23 2 4
A PT 24 124 24 1 5
A NC 25 125 25 3 4
P 26 102
X 27 101
ACC 28 5 2 4
RC 29 3 1
P 30 115
X 31 108
ACC 32 8 1 3
RC 33 2 2
P 34 124
X 35 116